11050848730832989735 5411718394350379800 4829.21
16523230395190700137 15436322117100830841 843.95
3378632418048180697 5411718394350379800 29.00
15400096203546190329 5411718394350379800 0.00
2311400350651306156 5411718394350379800 0.00
2897043665683127270 5411718394350379800 0.00
11709872054652571417 5411718394350379800 0.00
7648144698331958172 5411718394350379800 0.00
7665784683557269045 5411718394350379800 0.00
11847065974201655671 5411718394350379800 0.00
2658486479200233326 5411718394350379800 0.00
9416748026490537082 5411718394350379800 0.00
992640920162304402 5411718394350379800 0.00
17878404488991255766 5411718394350379800 0.00
14849051139627989055 5411718394350379800 0.00
9608709377426324474 5411718394350379800 0.00
13355970343428510782 5411718394350379800 0.00
18005870209828717566 5411718394350379800 0.00
10474673805186882908 5411718394350379800 0.00
1532823092507951093 5411718394350379800 0.00
4065476899328625929 5411718394350379800 0.00
1171048083792579214 5411718394350379800 0.00
951427676081113844 5411718394350379800 0.00
10186018995933363430 5411718394350379800 0.00
12376385254974747779 5411718394350379800 0.00
14219665385467204958 5411718394350379800 0.00
14691235066281891280 5411718394350379800 0.00
6321473481329267999 5411718394350379800 0.00
8786227579468820856 5411718394350379800 0.00
8394815001094651392 5411718394350379800 0.00
232838340105192341 5411718394350379800 0.00
8546275890799086616 5411718394350379800 0.00
9122450816445193443 5411718394350379800 0.00
5225025754284689612 5411718394350379800 0.00
9028026743849325615 5411718394350379800 0.00
14268077633212245545 5411718394350379800 0.00
6866876144455645112 5411718394350379800 0.00
614782529093647518 5411718394350379800 0.00
2035877818692205519 5411718394350379800 0.00
7874542199696179832 5411718394350379800 0.00
14693504452003755538 5411718394350379800 0.00
14885465802939542930 5411718394350379800 0.00
6437363527744336826 5411718394350379800 0.00
15884376251644201753 5411718394350379800 0.00
12305956351245853375 5411718394350379800 0.00
4124330128635127360 5411718394350379800 0.00
14866691124853299928 5411718394350379800 0.00
8166860896858403864 5411718394350379800 0.00
18293812236232398654 5411718394350379800 0.00
11902968098449290938 5411718394350379800 0.00
2619251748002162375 5411718394350379800 0.00
5313807426088733279 5411718394350379800 0.00
6626211672936072482 5411718394350379800 0.00
11519889216599903632 5411718394350379800 0.00
16317423984110655514 5411718394350379800 0.00
9916138864766086954 5411718394350379800 0.00
5621236913428495759 5411718394350379800 0.00
17998380333326122886 5411718394350379800 0.00
10955289965376189778 5411718394350379800 0.00
18322605985869008761 5411718394350379800 0.00
18417451968475970328 5411718394350379800 0.00
4189538541583291342 5411718394350379800 0.00
5849191017664743287 5411718394350379800 0.00
17349797991068002048 5411718394350379800 0.00
12005303957558847185 5411718394350379800 0.00
11443655811393999495 5411718394350379800 0.00
12352811996118868094 5411718394350379800 0.00
6655005422572682589 5411718394350379800 0.00
18215049635978722092 5411718394350379800 0.00
2777067821348260150 5411718394350379800 0.00
16023126774065311875 5411718394350379800 0.00
7916890136638302519 5411718394350379800 0.00
14874602911366988347 5411718394350379800 0.00
13665929025816045687 5411718394350379800 0.00
13691480797555044979 5411718394350379800 0.00
2990333045418062969 5411718394350379800 0.00
11589896210317704297 5411718394350379800 0.00
11399913372265036512 5411718394350379800 0.00
4997493560059535823 5411718394350379800 0.00
14439285793178670328 5411718394350379800 0.00
6926864066623078672 5411718394350379800 0.00
18144620732249827688 5411718394350379800 0.00
4422291226589175553 5411718394350379800 0.00
11423908541132009936 5411718394350379800 0.00
136857664637298645 5411718394350379800 0.00
5836771523220162836 5411718394350379800 0.00
13672706119468801977 5411718394350379800 0.00
16475661967467847028 5411718394350379800 0.00
10528306543712653917 5411718394350379800 0.00
9313277474520048706 5411718394350379800 0.00
8279087055364768137 5411718394350379800 0.00
8571827662538085908 5411718394350379800 0.00
6248353281867415598 5411718394350379800 0.00
12531219159749142906 5411718394350379800 0.00
507226179203360849 5411718394350379800 0.00
6165504883693940743 5411718394350379800 0.00
15894266551041009779 5411718394350379800 0.00
16661980917611810259 5411718394350379800 0.00
16367683707566466620 5411718394350379800 0.00
13191377176429656717 5411718394350379800 0.00
17973963254448055723 5411718394350379800 0.00
12676324865811915579 5411718394350379800 0.00
10694716122909442017 5411718394350379800 0.00
8374645820821568094 5411718394350379800 0.00
2744026173106666178 5411718394350379800 0.00
9628196838362405866 5411718394350379800 0.00
11222900710821601996 5411718394350379800 0.00
8787362272329752985 5411718394350379800 0.00
14246611659393044546 5411718394350379800 0.00
4107112053420910226 5411718394350379800 0.00
1165405683000755053 5411718394350379800 0.00
2943477400545048250 5411718394350379800 0.00
5888847658873907977 5411718394350379800 0.00
4828392685129789726 5411718394350379800 0.00
5756874230105554145 5411718394350379800 0.00
7709267313360323861 5411718394350379800 0.00
6897648406975374826 5411718394350379800 0.00
10934245901568082518 5411718394350379800 0.00
2985112554637332547 5411718394350379800 0.00
17018795244872359883 5411718394350379800 0.00
13505161847411081748 5411718394350379800 0.00
2111949123212924084 5411718394350379800 0.00
10545102708915777312 5411718394350379800 0.00
12629469220938900860 5411718394350379800 0.00
13823032316312305072 5411718394350379800 0.00
11505200336433458923 5411718394350379800 0.00
7229073063182110730 5411718394350379800 0.00
1544820676941437805 5411718394350379800 0.00
10714203583845523409 5411718394350379800 0.00
4724078313137113872 5411718394350379800 0.00
8107294884702064043 5411718394350379800 0.00
10213678052709041408 5411718394350379800 0.00
1765997687524929043 5411718394350379800 0.00
17792864795084822914 5411718394350379800 0.00
15996602410150566026 5411718394350379800 0.00
15388098619112703617 5411718394350379800 0.00
14074981589415526024 5411718394350379800 0.00
7004070064004729366 5411718394350379800 0.00
12024078635645090187 5411718394350379800 0.00
11249587175421533417 5411718394350379800 0.00
1358923636808568313 5411718394350379800 0.00
10996503209457380336 5411718394350379800 0.00
945072492439451293 5411718394350379800 0.00
3687618508259969045 5411718394350379800 0.00
15846276213307062931 5411718394350379800 0.00
13203374760863143429 5411718394350379800 0.00
3079536627233200375 5411718394350379800 0.00
7901228664296111253 5411718394350379800 0.00
17339357009506541204 5411718394350379800 0.00
6885650822541888114 5411718394350379800 0.00
2295738878309114890 5411718394350379800 0.00
11562237153542026319 5411718394350379800 0.00
83906645448529542 5411718394350379800 0.00
1801990440825389179 5411718394350379800 0.00
14404849642750236060 5411718394350379800 0.00
8438719540908799947 5411718394350379800 0.00
14076116282276458153 5411718394350379800 0.00
17512543682356085594 5411718394350379800 0.00
1831206100473093025 5411718394350379800 0.00
14742629482598634515 5411718394350379800 0.00
6802089641518574869 5411718394350379800 0.00
1955980525577596828 5411718394350379800 0.00
8795695968854535143 5411718394350379800 0.00
17417697699749124027 5411718394350379800 0.00
4647294225766556917 5411718394350379800 0.00
16592946516069756151 5411718394350379800 0.00
7995652736891979081 5411718394350379800 0.00
6060477728851426499 5411718394350379800 0.00
11125363432481682432 5411718394350379800 0.00
2977913550973482518 5411718394350379800 0.00
2701678236164543491 5411718394350379800 0.00
9910496463974262793 5411718394350379800 0.00
15976271129192297156 5411718394350379800 0.00
13163296209642885000 5411718394350379800 0.00
14837475465205596082 5411718394350379800 0.00
8478798092129058376 5411718394350379800 0.00
4636431334194002334 5411718394350379800 0.00
10241921120180998697 5411718394350379800 0.00
2754467154668127022 5411718394350379800 0.00
17794421397956848782 5411718394350379800 0.00
14595254390813997584 5411718394350379800 0.00
11386781094970617671 5411718394350379800 0.00
5466662817980008799 5411718394350379800 0.00
6159149700052278192 5411718394350379800 0.00
3696924796960497760 5411718394350379800 0.00
15474773005880068598 5411718394350379800 0.00
3996442497786571821 5411718394350379800 0.00
9622976347581675444 5411718394350379800 0.00
10893032657486891960 5411718394350379800 0.00
10217925951314025273 5411718394350379800 0.00
15825944932348794061 5411718394350379800 0.00
8539498797146330326 5411718394350379800 0.00
13409603081954281791 5411718394350379800 0.00
6715415254751209888 5411718394350379800 0.00
3702145287741228182 5411718394350379800 0.00
3135438751480835642 5411718394350379800 0.00
3746049827555376737 5411718394350379800 0.00
14211753598953516539 5411718394350379800 0.00
3053012263318454526 5411718394350379800 0.00
15538846725967300451 5411718394350379800 0.00
8114071978354820333 5411718394350379800 0.00
16085384081954609693 5411718394350379800 0.00
9117230325664463021 5411718394350379800 0.00
13842228904409641813 5411718394350379800 0.00
12838648647088905386 5411718394350379800 0.00
16277345432890397085 5411718394350379800 0.00
18023088285042934700 5411718394350379800 0.00
14107861136971934424 5411718394350379800 0.00
10349899380082379105 5411718394350379800 0.00
8827018913538917675 5411718394350379800 0.00
8581133951238614623 5411718394350379800 0.00
5130439581003636212 5411718394350379800 0.00
12718672802754038266 5411718394350379800 0.00
12993060641852206774 5411718394350379800 0.00
17949968085581082299 5411718394350379800 0.00
3025903888707429366 5411718394350379800 0.00
4025398348108367500 5411718394350379800 0.00
15516408159972352895 5411718394350379800 0.00
18059081038343394836 5411718394350379800 0.00
11109701960139491166 5411718394350379800 0.00
3795174858150255714 5411718394350379800 0.00
11872195835929561224 5411718394350379800 0.00
4669732791761504473 5411718394350379800 0.00
11856112453576276219 5411718394350379800 0.00
18044814068188043866 5411718394350379800 0.00
17260594409252864642 5411718394350379800 0.00
9178774850703922449 5411718394350379800 0.00
1604808599108871365 5411718394350379800 0.00
7085102049980270186 5411718394350379800 0.00
12896658056373219339 5411718394350379800 0.00
2190289813455506907 5411718394350379800 0.00
8800916459635265565 5411718394350379800 0.00
16145372004122043253 5411718394350379800 0.00
3442868238820598122 5411718394350379800 0.00
17912840639419690034 5411718394350379800 0.00
7935664814724545521 5411718394350379800 0.00
8924134281867743500 5411718394350379800 0.00
7353847488286614533 5411718394350379800 0.00
15989825316497809736 5411718394350379800 0.00
2682481648067206750 5411718394350379800 0.00
13117835066956710577 5411718394350379800 0.00
4335778940506996144 5411718394350379800 0.00
12422106206986830369 5411718394350379800 0.00
13648710950601828553 5411718394350379800 0.00
3806037749722810297 5411718394350379800 0.00
11626310873629258172 5411718394350379800 0.00
423243088168953865 5411718394350379800 0.00
956648166861844266 5411718394350379800 0.00
2582837084690608500 5411718394350379800 0.00
14484746935864844751 5411718394350379800 0.00
38607603447540691 5411718394350379800 0.00
16785620649855381933 5411718394350379800 0.00
15372437146770512351 5411718394350379800 0.00
11638308458062744884 5411718394350379800 0.00
13980135606808564457 5411718394350379800 0.00
16696838978051338266 5411718394350379800 0.00
7622592926592958880 5411718394350379800 0.00
18089853300863124550 5411718394350379800 0.00
14067069802901837605 5411718394350379800 0.00
16072673714671284591 5411718394350379800 0.00
8091211502348779038 5411718394350379800 0.00
15891575255308051782 5411718394350379800 0.00
1494560953485626699 5411718394350379800 0.00
17308584746986811490 5411718394350379800 0.00
4322224753201483564 5411718394350379800 0.00
984307223637522244 5411718394350379800 0.00
17761119940389346643 5411718394350379800 0.00
12190488214841878287 5411718394350379800 0.00
11025718869105084182 5411718394350379800 0.00
5212606259840109161 5411718394350379800 0.00
6884516129680955985 5411718394350379800 0.00
8929776682659567661 5411718394350379800 0.00
6057526623792560335 5411718394350379800 0.00
7990010336100154920 5411718394350379800 0.00
12530797249738049167 5411718394350379800 0.00
2895487062811101402 5411718394350379800 0.00
16443755012087185185 5411718394350379800 0.00
12758751353974296695 5411718394350379800 0.00
10240364517308972829 5411718394350379800 0.00
7210298385095867728 5411718394350379800 0.00
8403861480469271940 5411718394350379800 0.00
13677926610249532399 5411718394350379800 0.00
18203052051545235380 5411718394350379800 0.00
14109417739843960292 5411718394350379800 0.00
3386966114572962855 5411718394350379800 0.00
140943462557096938 5411718394350379800 0.00
11347675135926105799 5411718394350379800 0.00
8985678806907202928 5411718394350379800 0.00
11470342275993930916 5411718394350379800 0.00
6976411007229051388 5411718394350379800 0.00
961868657642574688 5411718394350379800 0.00
17806418982390335494 5411718394350379800 0.00
13911101205266510349 5411718394350379800 0.00
13973780423166901906 5411718394350379800 0.00
6681691887172614010 5411718394350379800 0.00
342923885043251435 5411718394350379800 0.00
6002046409556018807 5411718394350379800 0.00
9547164852386865046 5411718394350379800 0.00
1740445915785929751 5411718394350379800 0.00
8396371603966677260 5411718394350379800 0.00
6998849573223998944 5411718394350379800 0.00
12208840982917027550 5411718394350379800 0.00
6797581933587682837 5411718394350379800 0.00
5420229083118087819 5411718394350379800 0.00
8855261981010874964 5411718394350379800 0.00
11398778679404104383 5411718394350379800 0.00
9205299214618668298 5411718394350379800 0.00
135301061765272777 5411718394350379800 0.00
9484647735171659061 5411718394350379800 0.00
12135720783455175149 5411718394350379800 0.00
4712080728703627160 5411718394350379800 0.00
5275123377055315146 5411718394350379800 0.00
17800063798748672943 5411718394350379800 0.00
5117047494383309204 5411718394350379800 0.00
4532538872212420219 5411718394350379800 0.00
16888378418976031919 5411718394350379800 0.00
7112048323906109774 5411718394350379800 0.00
17843546428551727759 5411718394350379800 0.00
18425363754989658747 5411718394350379800 0.00
6603773106941124926 5411718394350379800 0.00
16763182083860434377 5411718394350379800 0.00
11723426241958083997 5411718394350379800 0.00
1499781444266357121 5411718394350379800 0.00
7078324956327513896 5411718394350379800 0.00
15078139936725168712 5411718394350379800 0.00
12662770678506402999 5411718394350379800 0.00
3204732962348797917 5411718394350379800 0.00
2648045497638772482 5411718394350379800 0.00
2262275320056427179 5411718394350379800 0.00
15303402745228458243 5411718394350379800 0.00
18196274957892479090 5411718394350379800 0.00
6063169024584384496 5411718394350379800 0.00
4477771440825717081 5411718394350379800 0.00
2630827422424555348 5411718394350379800 0.00
6417454156797161695 5411718394350379800 0.00
13857890376751833079 5411718394350379800 0.00
5937972689468786954 5411718394350379800 0.00
18156196406672220661 5411718394350379800 0.00
10912520118422973352 5411718394350379800 0.00
9261201338866303565 5411718394350379800 0.00
2982421258904374550 5411718394350379800 0.00
10126452983777023609 5411718394350379800 0.00
13205644146585007687 5411718394350379800 0.00
6861655653674914690 5411718394350379800 0.00
4821615591477033436 5411718394350379800 0.00
6459802093739284382 5411718394350379800 0.00
5961967858335760378 5411718394350379800 0.00
7511372688793967657 5411718394350379800 0.00
843449416179733436 5411718394350379800 0.00
6795312547865818579 5411718394350379800 0.00
1953873240540918142 5411718394350379800 0.00
6345468650196241423 5411718394350379800 0.00
2535268656967755391 5411718394350379800 0.00
6890871313322618536 5411718394350379800 0.00
17243376334038647508 5411718394350379800 0.00
1758085901011240624 5411718394350379800 0.00
5084718628991553622 5411718394350379800 0.00
14331729443288383659 5411718394350379800 0.00
7882453986209868251 5411718394350379800 0.00
11446347107126957492 5411718394350379800 0.00
5210336874118244903 5411718394350379800 0.00
5981877229282935509 5411718394350379800 0.00
12471231237581709346 5411718394350379800 0.00
2166294644588533483 5411718394350379800 0.00
13554286878005960725 5411718394350379800 0.00
16127019236046893990 5411718394350379800 0.00
1413269158184177712 5411718394350379800 0.00
8327077393098714985 5411718394350379800 0.00
7085523959991363925 5411718394350379800 0.00
3188227669984419173 5411718394350379800 0.00
12197265308494634577 5411718394350379800 0.00
3798125963209121878 5411718394350379800 0.00
15158297039165685570 5411718394350379800 0.00
16881601325323275629 5411718394350379800 0.00
2023880234258718807 5411718394350379800 0.00
9589934699340081472 5411718394350379800 0.00
10309658728176935104 5411718394350379800 0.00
11943046649669549367 5411718394350379800 0.00
14885043892928449191 5411718394350379800 0.00
17403430729593773057 5411718394350379800 0.00
17812061383182159655 5411718394350379800 0.00
15460506035724717628 5411718394350379800 0.00
12222395170222540130 5411718394350379800 0.00
12620422741564280312 5411718394350379800 0.00
3159433920347809066 5411718394350379800 0.00
12480277716956329894 5411718394350379800 0.00
14214444894686474536 5411718394350379800 0.00
14344861720582802500 5411718394350379800 0.00
14224885876247935380 5411718394350379800 0.00
15261767591136173946 5411718394350379800 0.00
3525294726982979238 5411718394350379800 0.00
15416179585899475334 5411718394350379800 0.00
14693926362014849277 5411718394350379800 0.00
16140573423352406570 5411718394350379800 0.00
11350366431659063796 5411718394350379800 0.00
16002957593792228577 5411718394350379800 0.00
2749246663887396600 5411718394350379800 0.00
14171675047733258110 5411718394350379800 0.00
17513678375217017723 5411718394350379800 0.00
9026892050988393486 5411718394350379800 0.00
2176897726835179899 5411718394350379800 0.00
4430203013102863972 5411718394350379800 0.00
1271827340030109593 5411718394350379800 0.00
10317992424701717262 5411718394350379800 0.00
2955896894989628701 5411718394350379800 0.00
9020114957335637196 5411718394350379800 0.00
5643675479423443315 5411718394350379800 0.00
14923987751287775491 5411718394350379800 0.00
12397689128108763206 5411718394350379800 0.00
8401592094747407682 5411718394350379800 0.00
5738521462030404882 5411718394350379800 0.00
14156986167566813401 5411718394350379800 0.00
6475885476092569387 5411718394350379800 0.00
17979605655239879884 5411718394350379800 0.00
14368856889449775924 5411718394350379800 0.00
9100012250450245887 5411718394350379800 0.00
456122635725362265 5411718394350379800 0.00
13960648145872483065 5411718394350379800 0.00
7449828163754508229 5411718394350379800 0.00
16155100202833665707 5411718394350379800 0.00
7250376936316126157 5411718394350379800 0.00
17244932936910673376 5411718394350379800 0.00
14144988583133326689 5411718394350379800 0.00
13107394085395249733 5411718394350379800 0.00
5300675148794314438 5411718394350379800 0.00
1873554037415215712 5411718394350379800 0.00
16908287789923207050 5411718394350379800 0.00
9992922952136643909 5411718394350379800 0.00
5858075396354178263 5411718394350379800 0.00
4145374192443234620 5411718394350379800 0.00
13823454226323398811 5411718394350379800 0.00
2246191937703142174 5411718394350379800 0.00
2272878402303073595 5411718394350379800 0.00
2949119801336872411 5411718394350379800 0.00
6354774938896770138 5411718394350379800 0.00
11660325114046598701 5411718394350379800 0.00
18340245971094319634 5411718394350379800 0.00
4279876816259360877 5411718394350379800 0.00
1718007349790982195 5411718394350379800 0.00
7860015420214920695 5411718394350379800 0.00
745199354989975482 5411718394350379800 0.00
14558126944652605319 5411718394350379800 0.00
14362079795797019634 5411718394350379800 0.00
15783596995406671374 5411718394350379800 0.00
15317669715383809213 5411718394350379800 0.00
5955190764683004088 5411718394350379800 0.00
11488695044069080179 5411718394350379800 0.00
1720698645523940192 5411718394350379800 0.00
5482908301018479376 5411718394350379800 0.00
1236256496740743196 5411718394350379800 0.00
7708132620499391732 5411718394350379800 0.00
16922814569404466187 5411718394350379800 0.00
7059972188252364633 5411718394350379800 0.00
8352207254826620538 5411718394350379800 0.00
2091779942939840786 5411718394350379800 0.00
12448370761575668051 5411718394350379800 0.00
3031546289499253527 5411718394350379800 0.00
4959944203887049819 5411718394350379800 0.00
5993874813716422221 5411718394350379800 0.00
10336767102787960264 5411718394350379800 0.00
13143386838695709869 5411718394350379800 0.00
2810791188926856028 5411718394350379800 0.00
7270286307263301288 5411718394350379800 0.00
1129412929700294917 5411718394350379800 0.00
18129931852083382979 5411718394350379800 0.00
12111725614588201725 5411718394350379800 0.00
4650958113675261471 5411718394350379800 0.00
1825563699681268864 5411718394350379800 0.00
4868049326338954416 5411718394350379800 0.00
4748495392015181035 5411718394350379800 0.00
17956745179233838589 5411718394350379800 0.00
11599624409029326751 5411718394350379800 0.00
5817996845133919834 5411718394350379800 0.00
17238155843257917086 5411718394350379800 0.00
319350626187371750 5411718394350379800 0.00
15831165423129524483 5411718394350379800 0.00
13430906955088297218 5411718394350379800 0.00
775971617509705196 5411718394350379800 0.00
16678064299965095264 5411718394350379800 0.00
3093803597388551345 5411718394350379800 0.00
493250081886754530 5411718394350379800 0.00
2910435752303454278 5411718394350379800 0.00
8395949693955583521 5411718394350379800 0.00
3079114717222106636 5411718394350379800 0.00
16504877627115550874 5411718394350379800 0.00
13919012991780198768 5411718394350379800 0.00
4241354867911128316 5411718394350379800 0.00
4827970775118695987 5411718394350379800 0.00
6965548115656496805 5411718394350379800 0.00
3938011178491164129 5411718394350379800 0.00
9733483802530828277 5411718394350379800 0.00
13019325196441044456 5411718394350379800 0.00
16936368756709978767 5411718394350379800 0.00
12834562849169107093 5411718394350379800 0.00
16660846224750878130 5411718394350379800 0.00
1885551621848702424 5411718394350379800 0.00
2285848578912306864 5411718394350379800 0.00
7325053738650004426 5411718394350379800 0.00
9181304045751694874 5411718394350379800 0.00
1130969532572320785 5411718394350379800 0.00
17548114525645451991 5411718394350379800 0.00
15964273544758810444 5411718394350379800 0.00
12527133361829344613 5411718394350379800 0.00
7970100965152979789 5411718394350379800 0.00
9291973601386033279 5411718394350379800 0.00
7930444323943815099 5411718394350379800 0.00
1864247748714686997 5411718394350379800 0.00
17986382748892636174 5411718394350379800 0.00
12183711121189121997 5411718394350379800 0.00
11991749770253334605 5411718394350379800 0.00
3523738124110953370 5411718394350379800 0.00
5755739537244622016 5411718394350379800 0.00
68957955956176666 5411718394350379800 0.00
6539699386853893073 5411718394350379800 0.00
16998626064599276585 5411718394350379800 0.00
1808767534478145469 5411718394350379800 0.00
3015462907145968522 5411718394350379800 0.00
17284589578119838066 5411718394350379800 0.00
13430485045077203479 5411718394350379800 0.00
11474428073913729209 5411718394350379800 0.00
10990148025815717785 5411718394350379800 0.00
5760960028025352438 5411718394350379800 0.00
15852631396948725482 5411718394350379800 0.00
15865050891393305933 5411718394350379800 0.00
6198806341261442882 5411718394350379800 0.00
9549856148119823043 5411718394350379800 0.00
11510420827214189345 5411718394350379800 0.00
601650251799228677 5411718394350379800 0.00
5726523877596918170 5411718394350379800 0.00
11911852477138725914 5411718394350379800 0.00
15532069632314544161 5411718394350379800 0.00
3532071820635735528 5411718394350379800 0.00
2583258994701702239 5411718394350379800 0.00
349700978696007725 5411718394350379800 0.00
12928986921764974921 5411718394350379800 0.00
5423342288862139555 5411718394350379800 0.00
17931615317505933036 5411718394350379800 0.00
15488165092500395606 5411718394350379800 0.00
16065896621018528301 5411718394350379800 0.00
5040814089177405067 5411718394350379800 0.00
15344615989309648801 5411718394350379800 0.00
10445880055550272801 5411718394350379800 0.00
11845509371329629803 5411718394350379800 0.00
14534131775785631895 5411718394350379800 0.00
6831305301166278715 5411718394350379800 0.00
8087125704428980745 5411718394350379800 0.00
18137843638597071398 5411718394350379800 0.00
2772107139893437895 5411718394350379800 0.00
2097422343731664947 5411718394350379800 0.00
4465061073542391979 5411718394350379800 0.00
7408614919673317671 5411718394350379800 0.00
16923949262265398316 5411718394350379800 0.00
16457309199392697765 5411718394350379800 0.00
13863110867532563501 5411718394350379800 0.00
2227839169627992911 5411718394350379800 0.00
15420005574493365460 5411718394350379800 0.00
2207929798680817780 5411718394350379800 0.00
16934390243826859160 5411718394350379800 0.00
6611262983443719606 5411718394350379800 0.00
5186341705251271479 5411718394350379800 0.00
13055317949741504592 5411718394350379800 0.00
6838795177668873395 5411718394350379800 0.00
13312487713625455966 5411718394350379800 0.00
13840672301537615945 5411718394350379800 0.00
2708033419806206042 5411718394350379800 0.00
17026285121374954563 5411718394350379800 0.00
16544956178335809303 5411718394350379800 0.00
7352712795425682404 5411718394350379800 0.00
1956402435588690567 5411718394350379800 0.00
17279369087339107644 5411718394350379800 0.00
10802272472799728686 5411718394350379800 0.00
13313622406486388095 5411718394350379800 0.00
5712969690291405590 5411718394350379800 0.00
6923200178714374118 5411718394350379800 0.00
8316214501526160402 5411718394350379800 0.00
8183106379896874441 5411718394350379800 0.00
11377312705584903384 5411718394350379800 0.00
4254325044520361585 5411718394350379800 0.00
11394270971473212351 5411718394350379800 0.00
4950475814501335532 5411718394350379800 0.00
15990960009358741865 5411718394350379800 0.00
5135400262458458467 5411718394350379800 0.00
6682113797183707749 5411718394350379800 0.00
14640715533500172007 5411718394350379800 0.00
10359205668782907820 5411718394350379800 0.00
4431337705963796101 5411718394350379800 0.00
274051584186382899 5411718394350379800 0.00
6523453903815422496 5411718394350379800 0.00
7377842657153587957 5411718394350379800 0.00
55825678661757825 5411718394350379800 0.00
7928887721071789231 5411718394350379800 0.00
11632666057270920723 5411718394350379800 0.00
4245440665830926609 5411718394350379800 0.00
10174021411499876718 5411718394350379800 0.00
6742101719351141309 5411718394350379800 0.00
4769539455823288295 5411718394350379800 0.00
6938861651056565384 5411718394350379800 0.00
15482522691708571445 5411718394350379800 0.00
16470019566676022867 5411718394350379800 0.00
17899448552799363026 5411718394350379800 0.00
14055072218468350893 5411718394350379800 0.00
16826833893936572491 5411718394350379800 0.00
9165642573409503608 5411718394350379800 0.00
13936652977005509641 5411718394350379800 0.00
1712364948999158034 5411718394350379800 0.00
6610128290582787477 5411718394350379800 0.00
17883624979771986188 5411718394350379800 0.00
6892427916194644404 5411718394350379800 0.00
8727374350162319425 5411718394350379800 0.00
17991603239673366596 5411718394350379800 0.00
17701132018221913083 5411718394350379800 0.00
7319411337858180265 5411718394350379800 0.00
79820847528731249 5411718394350379800 0.00
3195004763637175463 5411718394350379800 0.00
12429596083489425049 5411718394350379800 0.00
13232168510499753536 5411718394350379800 0.00
5324670317661287862 5411718394350379800 0.00
2997110139070819259 5411718394350379800 0.00
272916891325450770 5411718394350379800 0.00
12545908039915587615 5411718394350379800 0.00
175801522996624945 5411718394350379800 0.00
14721585418790527255 5411718394350379800 0.00
3231419426948729338 5411718394350379800 0.00
848669906960463858 5411718394350379800 0.00
327262412701060169 5411718394350379800 0.00
17169121441715862978 5411718394350379800 0.00
16973074292860277293 5411718394350379800 0.00
15357748266604067642 5411718394350379800 0.00
5638876898653806632 5411718394350379800 0.00
4911953866153102971 5411718394350379800 0.00
5732879061238580721 5411718394350379800 0.00
3534179105672414214 5411718394350379800 0.00
5670621753349282903 5411718394350379800 0.00
9286753110605302857 5411718394350379800 0.00
3085891810874862926 5411718394350379800 0.00
13692615490415977108 5411718394350379800 0.00
11929492462364036787 5411718394350379800 0.00
1945539544016135984 5411718394350379800 0.00
16881179415312181890 5411718394350379800 0.00
18080806821488504002 5411718394350379800 0.00
14887994997987315355 5411718394350379800 0.00
4717723129495451321 5411718394350379800 0.00
10879478470181379380 5411718394350379800 0.00
9454297382663023086 5411718394350379800 0.00
11708315451780545549 5411718394350379800 0.00
11586232322408999743 5411718394350379800 0.00
9418304629362562950 5411718394350379800 0.00
18292255633360372786 5411718394350379800 0.00
10641505294394764747 5411718394350379800 0.00
13670436733746937719 5411718394350379800 0.00
8347959356221636673 5411718394350379800 0.00
5101936704205770756 5411718394350379800 0.00
6268262652814590729 5411718394350379800 0.00
2339221508112169706 5411718394350379800 0.00
14131856305838907848 5411718394350379800 0.00
3708500471382890733 5411718394350379800 0.00
14513962595512548597 5411718394350379800 0.00
18117512357638802528 5411718394350379800 0.00
7298367274050073005 5411718394350379800 0.00
4287788602773049296 5411718394350379800 0.00
5302231751666340306 5411718394350379800 0.00
183291399499219625 5411718394350379800 0.00
500027175539510820 5411718394350379800 0.00
13354835650567578653 5411718394350379800 0.00
12855444812292028781 5411718394350379800 0.00
17717215400575198088 5411718394350379800 0.00
11278802835069237263 5411718394350379800 0.00
14403714949889303931 5411718394350379800 0.00
3298897225618757578 5411718394350379800 0.00
5744876645672067433 5411718394350379800 0.00
3831589521461809589 5411718394350379800 0.00
16379681291999953332 5411718394350379800 0.00
11291935112363656104 5411718394350379800 0.00
6981631498009781810 5411718394350379800 0.00
17325802822201028624 5411718394350379800 0.00
11456788088688418336 5411718394350379800 0.00
9621841654720743315 5411718394350379800 0.00
8251265897903904587 5411718394350379800 0.00
4080425588820978805 5411718394350379800 0.00
4881603513644466996 5411718394350379800 0.00
12575123699563291461 5411718394350379800 0.00
15315400329661944955 5411718394350379800 0.00
13109663471117113991 5411718394350379800 0.00
5931195595816030664 5411718394350379800 0.00
18281814651798911942 5411718394350379800 0.00
18419721354197834586 5411718394350379800 0.00
3652760447820441038 5411718394350379800 0.00
5103493307077796624 5411718394350379800 0.00
4053479314895139217 5411718394350379800 0.00
15228888043579765546 5411718394350379800 0.00
12361696374808303070 5411718394350379800 0.00
9663054898801933873 5411718394350379800 0.00
5777205511063823015 5411718394350379800 0.00
17304920859078106936 5411718394350379800 0.00
16691196577259514105 5411718394350379800 0.00
11607114285531921431 5411718394350379800 0.00
10610311121863941294 5411718394350379800 0.00
4876383022863736574 5411718394350379800 0.00
5780869398972527569 5411718394350379800 0.00
6096470482151886635 5411718394350379800 0.00
9548721455258890914 5411718394350379800 0.00
17819551259684754335 5411718394350379800 0.00
15605189831776396562 5411718394350379800 0.00
1567681152947479100 5411718394350379800 0.00
4779980437384749139 5411718394350379800 0.00
6443718711385999377 5411718394350379800 0.00
5444224251985061243 5411718394350379800 0.00
15928702701469444047 5411718394350379800 0.00
10630642402822210164 5411718394350379800 0.00
8990899297687933350 5411718394350379800 0.00
9696096547043527845 5411718394350379800 0.00
15832722026001550351 5411718394350379800 0.00
10593514956660817899 5411718394350379800 0.00
1772774781177685333 5411718394350379800 0.00
7304722457691735556 5411718394350379800 0.00
10593093046649724160 5411718394350379800 0.00
4011131377953016530 5411718394350379800 0.00
4475242245777944656 5411718394350379800 0.00
2999379524792683517 5411718394350379800 0.00
4664090390969680312 5411718394350379800 0.00
1238947792473701193 5411718394350379800 0.00
11125785342492776171 5411718394350379800 0.00
3168318299037244042 5411718394350379800 0.00
12804212496660471118 5411718394350379800 0.00
1280161036554891751 5411718394350379800 0.00
17848766919332458181 5411718394350379800 0.00
8685026413220196738 5411718394350379800 0.00
18025066797926054307 5411718394350379800 0.00
16077894205452015013 5411718394350379800 0.00
6200362944133468750 5411718394350379800 0.00
13144521531556641998 5411718394350379800 0.00
9171997757051166159 5411718394350379800 0.00
4478193350836810820 5411718394350379800 0.00
17532031143292166986 5411718394350379800 0.00
13953449142208633036 5411718394350379800 0.00
13307980005694563934 5411718394350379800 0.00
7172749028923381724 5411718394350379800 0.00
5549251406827575487 5411718394350379800 0.00
1904326299934945426 5411718394350379800 0.00
2696035835372719330 5411718394350379800 0.00
13767130192064669805 5411718394350379800 0.00
2892795767078143405 5411718394350379800 0.00
9623398257592769183 5411718394350379800 0.00
12774574927001673533 5411718394350379800 0.00
10508397172765478786 5411718394350379800 0.00
5046456489969229228 5411718394350379800 0.00
7777426831367354007 5411718394350379800 0.00
15242992913049930944 5411718394350379800 0.00
15837942516782280773 5411718394350379800 0.00
8775364687896266273 5411718394350379800 0.00
18004735516967785437 5411718394350379800 0.00
16241352679589936949 5411718394350379800 0.00
5283457073580097304 5411718394350379800 0.00
5719746783944161880 5411718394350379800 0.00
5432226667551574531 5411718394350379800 0.00
16643206239525567257 5411718394350379800 0.00
14754627067032121227 5411718394350379800 0.00
34521805527742398 5411718394350379800 0.00
14314089458063072786 5411718394350379800 0.00
1190957454739754345 5411718394350379800 0.00
3975138624652556394 5411718394350379800 0.00
4000690396391555686 5411718394350379800 0.00
1688369780132184610 5411718394350379800 0.00
14335815241208181952 5411718394350379800 0.00
4375435581716160834 5411718394350379800 0.00
6908089388536835670 5411718394350379800 0.00
14602031484466753874 5411718394350379800 0.00
9189215832265383293 5411718394350379800 0.00
6920086972970322382 5411718394350379800 0.00
11848200667062587800 5411718394350379800 0.00
9081659482375096624 5411718394350379800 0.00
2605275650685556056 5411718394350379800 0.00
5377881146175965132 5411718394350379800 0.00
1162876487952982628 5411718394350379800 0.00
17375349762807001340 5411718394350379800 0.00
3703279980602160311 5411718394350379800 0.00
15942256888774956627 5411718394350379800 0.00
4012266070813948659 5411718394350379800 0.00
